Site	Year	N.week	N.hoppers	Hoppers.week	Max.hoppers	First	Peak	Last	Range	Lon	Lat	First.date	Last.date	wd.0.first	wd.1.first	wd.2.first	wd.3.first	wd.4.first	wd.5.first	wd.6.first	wd.0.last	wd.1.last	wd.2.last	wd.3.last	wd.4.last	wd.5.last	wd.6.last	Precip.days.week.last.date	GDD.last.date	Precip.days.week.first.date	GDD.first.date	p.alfalfa	p.potato	p.beans	GDD.total
Ames, IA	2018	23	1	0.0434782608695652	1	201	201	201	0	-93.78	42.02	2018-07-20	2018-07-20	144.11058750674	306.043015156534	355.883249104147	26.8183191927745	88.1241589958242	77.0354559029548	91.6759171160259	144.11058750674	306.043015156534	355.883249104147	26.8183191927745	88.1241589958242	77.0354559029548	91.6759171160259	7.00000006321352	1187.26087550521	7.00000006321352	1187.26087550521	0.00317185697808535	0	0.193771626297578	2166.09587708414
Ames, IA	2019	23	3	0.130434782608696	2	158	158	165	7	-93.78	42.02	2019-06-07	2019-06-14	345.677301585721	53.0992227359811	197.746100755302	278.039630326882	265.080598485428	95.0928747639174	179.995189198714	248.797815292532	133.15248051932	124.519462069954	231.92317627261	144.306085437086	104.139197148892	318.489495586689	4.36249995231628	478.287249606848	1.86874998261919	396.789624446631	0.00547866205305652	0	0.504901960784314	2044.11924864016
Ames, IA	2020	23	11	0.478260869565217	2	157	227	290	133	-93.78	42.02	2020-06-05	2020-10-16	271.161186079368	341.512079941741	164.658386268428	232.844389376031	266.761436497939	296.282874440461	100.687571844732	180.54730067636	145.755292730182	239.217203409509	196.083371215977	210.223181949593	316.380451575245	63.0557532809161	0.223999997600913	2076.29474818101	1.75224999338388	397.454875080939	0.015282583621684	0	0.130334486735871	2078.62837332031
Ames, IA	2021	21	8	0.380952380952381	8	211	211	211	0	-93.78	42.02	2021-07-30	2021-07-30	NA	NA	NA	NA	NA	NA	NA	NA	NA	NA	NA	NA	NA	NA	0	1295.70887828222	0	1295.70887828222	0.00547866205305652	0	0.554786620530565	2310.231492654
Arlington, WI	2018	16	1	0.0625	1	166	166	166	0	-89.33	43.32	2018-06-15	2018-06-15	293.611360703497	184.583041114943	147.194372117411	344.49683652693	4.55894610438065	14.9871860365035	7.40508998679144	293.611360703497	184.583041114943	147.194372117411	344.49683652693	4.55894610438065	14.9871860365035	7.40508998679144	31.6350001692772	497.311000105552	31.6350001692772	497.311000105552	0.182916307161346	0.000287604256542997	0.127696289905091	1945.16124655288
Arlington, WI	2019	23	16	0.695652173913043	5	165	207	284	119	-89.33	43.32	2019-06-14	2019-10-11	223.971125975259	114.896976065598	240.679773324572	201.543147998428	135.059298630679	8.12618184920683	354.356918143259	252.391237997924	317.405974529956	291.129231581899	257.104387356305	199.413580645247	218.960182007085	322.333825540948	20.0705001354218	1780.83925180733	18.2734999060631	356.426750913262	0.210238711532931	0.000575208513085994	0.109002013229796	1782.6392519027
Arlington, WI	2020	22	14	0.636363636363636	3	164	164	269	105	-89.33	43.32	2020-06-12	2020-09-25	157.630130970526	177.191031835038	239.217667452062	322.231270510885	297.738746819008	344.345564323056	116.556984299648	262.100241857942	233.945089634357	221.486436425373	241.025951084713	270.51958259935	281.35222742982	280.717369385673	2.28150004148483	1686.0682511434	30.5834994073957	372.720498929918	0.240149554213402	0.00172562553925798	0.179177451826287	1781.93200194091
Arlington, WI	2021	23	13	0.565217391304348	5	148	218	295	147	-89.33	43.32	2021-05-28	2021-10-22	NA	NA	NA	NA	NA	NA	NA	NA	NA	NA	NA	NA	NA	NA	2.54624992609024	2052.49492638912	24.04674936831	293.433209862374	0.234397469082542	0	0.107563991947081	2052.49492638912
Chase, LA	2018	17	1	0.0588235294117647	1	152	152	152	0	-91.7	32.1	2018-06-01	2018-06-01	243.793218021205	252.620454615975	227.388341626277	103.282285597877	65.4710569009355	337.3898908661	258.523672777219	243.793218021205	252.620454615975	227.388341626277	103.282285597877	65.4710569009355	337.3898908661	258.523672777219	10.5430003050715	1284.90550050586	10.5430003050715	1284.90550050586	0	0	0.210178263369753	3774.38699707836
Chase, LA	2019	4	2	0.5	1	165	165	193	28	-91.7	32.1	2019-06-14	2019-07-12	354.500314994277	93.9679193354778	121.473041960118	78.8569067219677	86.8785743731054	108.893054404269	142.667379569535	40.0645558952557	80.1107914524471	121.02985323562	159.257549675136	159.267830871427	187.176742550094	174.250322954229	12.6715000905097	1950.04324742947	0.22800000658026	1431.05074741039	0	0	0.0954571592869465	3673.04149655495
Chase, LA	2020	10	0	0	NA	NA	NA	NA	NA	-91.7	32.1	2019-06-14	2019-07-12	354.500314994277	93.9679193354778	121.473041960118	78.8569067219677	86.8785743731054	108.893054404269	142.667379569535	40.0645558952557	80.1107914524471	121.02985323562	159.257549675136	159.267830871427	187.176742550094	174.250322954229	NA	NA	NA	NA	0	0	0.109258194364577	3742.62449756712
Chase, LA	2021	21	1	0.0476190476190476	1	148	148	148	0	-91.7	32.1	2021-05-28	2021-05-28	NA	NA	NA	NA	NA	NA	NA	NA	NA	NA	NA	NA	NA	NA	10.1823497377336	1076.40035292217	10.1823497377336	1076.40035292217	0	0	0.19551466359977	3619.13819958279
Columbia, MO	2018	23	5	0.217391304347826	4	152	159	159	7	-92.28	38.91	2018-06-01	2018-06-08	180.333699106607	197.927126261333	254.172113575194	346.189925776013	343.235926576192	188.906013212423	198.462960057669	263.46584844121	248.128104643166	252.100334583483	256.381467313944	113.542317825313	128.27046898964	298.239940005909	10.3240000009537	755.661999191344	4.48350008390844	647.424748338759	0	0	0.0831176301409261	2768.06399995238
Columbia, MO	2019	23	4	0.173913043478261	2	263	284	284	21	-92.28	38.91	2019-09-20	2019-10-11	297.705711416014	283.93392384381	298.18011249577	296.606332352765	222.034033023751	240.897186135528	269.753480807348	165.963869070495	303.734457967555	288.857453399382	268.642113825678	197.201870266441	95.2830936749772	292.686970856794	43.6250004768372	2619.31875314862	0	2365.9517532602	0.000862812769628991	0	0.0704630428530342	2637.34600331932
Columbia, MO	2020	23	5	0.217391304347826	3	192	269	269	77	-92.28	38.91	2020-07-10	2020-09-25	152.269527178575	272.40843843633	267.333924429463	275.273467512908	334.393715928512	20.5026337899187	22.3904027313748	273.649107032399	273.729048451734	251.840120926262	284.865752205047	306.657420978948	317.010139386676	346.859345285023	0	2339.72625412792	1.08800002746284	1175.56175217479	0	0	0.0828300258843831	2544.91650448889
Columbia, MO	2021	23	0	0	NA	NA	NA	NA	NA	-92.28	38.91	2020-07-10	2020-09-25	152.269527178575	272.40843843633	267.333924429463	275.273467512908	334.393715928512	20.5026337899187	22.3904027313748	273.649107032399	273.729048451734	251.840120926262	284.865752205047	306.657420978948	317.010139386676	346.859345285023	NA	NA	NA	NA	0	0	0.0825424216278401	2699.20424012449
Concord, NE	2019	14	0	0	NA	NA	NA	NA	NA	-96.9582	42.386	2020-07-10	2020-09-25	152.269527178575	272.40843843633	267.333924429463	275.273467512908	334.393715928512	20.5026337899187	22.3904027313748	273.649107032399	273.729048451734	251.840120926262	284.865752205047	306.657420978948	317.010139386676	346.859345285023	NA	NA	NA	NA	0.0152298850574713	0	0.475287356321839	2025.90100429654
Concord, NE	2020	22	2	0.0909090909090909	1	206	206	269	63	-96.9582	42.386	2020-07-24	2020-09-25	267.549504825576	286.241470338496	33.8222935030047	243.211509804092	345.321274758431	128.69278833591	258.806610661406	253.242069451746	256.816275348377	268.270568110257	258.235495128584	262.555791868482	281.702845044577	288.397875634495	0	1910.72349717785	6.92299991846085	1128.9419998901	0.0204022988505747	0	0.390229885057471	2044.44749704171
Concord, NE	2021	22	29	1.31818181818182	9	155	169	288	133	-96.9582	42.386	2021-06-04	2021-10-15	NA	NA	NA	NA	NA	NA	NA	NA	NA	NA	NA	NA	NA	NA	12.979699909687	2132.83907208592	14.6393995881081	365.971327151358	0.0166666666666667	0	0.279022988505747	2155.79417058676
Crookston, MN	2018	17	3	0.176470588235294	2	194	208	208	14	-96.62	47.8	2018-07-13	2018-07-27	181.074143863653	200.321642724587	288.604783843407	295.722369310027	96.8977949269682	256.889102584201	272.917812810726	126.683851473909	120.667265683621	119.043912049629	173.284373971618	230.241015584678	288.613533921058	57.9103785570607	5.72800016403198	1031.32599992752	1.82600003480911	858.965501403809	0.0534790109258194	0	0.244968372627947	1638.46849817038
Crookston, MN	2019	20	1	0.05	1	235	235	235	0	-96.62	47.8	2019-08-23	2019-08-23	301.224754399502	48.7665570819637	125.717350679355	142.257362654951	243.948096395155	170.855332582553	261.309646117663	301.224754399502	48.7665570819637	125.717350679355	142.257362654951	243.948096395155	170.855332582553	261.309646117663	5.29800009727478	1130.98849711567	5.29800009727478	1130.98849711567	0.0494537090281771	0	0.201552616446233	1427.36849978119
Crookston, MN	2020	20	1	0.05	1	241	241	241	0	-96.62	47.8	2020-08-28	2020-08-28	177.4975847929	20.9632883102615	59.7762359590582	343.69615229814	83.5468206441319	238.120824204922	271.452192293954	177.4975847929	20.9632883102615	59.7762359590582	343.69615229814	83.5468206441319	238.120824204922	271.452192293954	0.629999995231628	1306.82850539088	0.629999995231628	1306.82850539088	0.0468660149511213	0	0.190051753881541	1542.19350662827
Crookston, MN	2021	17	0	0	NA	NA	NA	NA	NA	-96.62	47.8	2020-08-28	2020-08-28	177.4975847929	20.9632883102615	59.7762359590582	343.69615229814	83.5468206441319	238.120824204922	271.452192293954	177.4975847929	20.9632883102615	59.7762359590582	343.69615229814	83.5468206441319	238.120824204922	271.452192293954	NA	NA	NA	NA	0.027027027027027	0	0.253594019551466	1793.26593415439
DPAC, IN	2018	18	2	0.111111111111111	1	159	159	201	42	-85.15	40.25	2018-06-08	2018-07-20	166.005446878709	265.318249420611	89.4796988967991	177.682833798553	147.588487132183	160.689701065057	54.0273780127271	290.887790726061	327.568407038358	76.4165210141516	129.42773381369	237.311962774339	263.65310973162	265.772805032223	10.9445001259446	1224.57724770351	30.8664997778833	573.402998245199	0.00402530189764232	0	0.530189764232317	2359.05350095077
DPAC, IN	2019	20	2	0.1	1	186	186	256	70	-85.15	40.25	2019-07-05	2019-09-13	235.165495322291	233.763609150753	216.261406234293	187.448266301102	121.688758824248	143.912208327984	215.607518336962	269.211891880984	244.325991572142	229.788559983126	274.380442028499	331.888845448039	133.637091782231	118.962884586687	2.50850001047365	1906.47600187063	9.3639999628067	885.452498328686	0.0143760782058654	0	0.329212190914319	2254.01600121111
DPAC, IN	2020	21	7	0.333333333333333	4	171	171	262	91	-85.15	40.25	2020-06-19	2020-09-18	107.905364713945	41.9097398469462	333.398827489001	334.887346412637	45.3994860294442	36.5924442349583	1.19193173515026	75.4799314260416	35.6359442871465	278.370708859541	342.528478735168	80.9000848750137	200.112035559155	326.802392251303	9.625	1934.61525149196	3.57499995827675	614.870751427114	0.011213341000575	0	0.283496262219666	2140.1252525717
DPAC, IN	2021	22	10	0.454545454545455	4	162	176	225	63	-85.15	40.25	2021-06-11	2021-08-13	NA	NA	NA	NA	NA	NA	NA	NA	NA	NA	NA	NA	NA	NA	18.4231494097039	1484.30376671832	8.59044988453388	544.300874271803	0.00517538815411156	0	0.40281771132835	2360.9791114239
East Lansing, MI	2018	23	0	0	NA	NA	NA	NA	NA	-84.5	42.69	2021-06-11	2021-08-13	NA	NA	NA	NA	NA	NA	NA	NA	NA	NA	NA	NA	NA	NA	NA	NA	NA	NA	0.0296147211040828	0	0.0836687751581369	2057.11399757266
East Lansing, MI	2019	21	11	0.523809523809524	7	165	235	235	70	-84.5	42.69	2019-06-14	2019-08-23	184.6670462975	100.380433880551	270.323231343358	167.286496522524	197.605776013723	341.247765485236	6.57066795991375	71.0506430011103	117.890886804517	178.424786869414	265.892405875622	188.70126103342	245.966156191966	215.64793437513	3.6499999910593	1386.45799720883	78.7839987128973	376.115248328447	0.0284646348476136	0.00431282346175963	0.0713053479010926	1887.23824953437
East Lansing, MI	2020	23	2	0.0869565217391304	1	171	171	241	70	-84.5	42.69	2020-06-19	2020-08-28	152.503312261578	324.366338988809	320.180173340597	320.958907224739	23.3680311498676	24.710442379497	33.6876685354792	254.683377672611	186.021725263103	291.436216887097	151.438308252778	192.405162108272	208.054574827773	191.626589054425	16.579500079155	1505.17149863243	0	461.390499448776	0.0273145485911443	0	0.0362277170787809	1865.3164988935
East Lansing, MI	2021	23	1	0.0434782608695652	1	260	260	260	0	-84.5	42.69	2021-09-17	2021-09-17	NA	NA	NA	NA	NA	NA	NA	NA	NA	NA	NA	NA	NA	NA	27.5850991010666	1793.55956093566	27.5850991010666	1793.55956093566	0.078205865439908	0	0.0583668775158137	2107.02627239721
Eau Claire, WI	2018	20	7	0.35	4	208	215	215	7	-91.59	44.75	2018-07-27	2018-08-03	154.13426574143	156.806160877782	194.295692982108	149.859013596233	110.679442238089	76.8839761953632	102.491655853704	310.528928986052	69.6789950927218	216.074733526423	197.063400856586	159.506228550223	205.37433409673	166.187218645481	14.8650005143136	1214.01349725574	5.45299998298287	1128.75749740452	0.0175287356321839	0.0258620689655172	0.150287356321839	1904.38999904245
Eau Claire, WI	2019	14	17	1.21428571428571	6	165	221	221	56	-91.59	44.75	2019-06-14	2019-08-09	241.292067358361	121.734792234492	85.7427485926493	220.548665322337	155.444883654589	308.007150668913	311.804789159739	167.978906165272	160.811814914491	215.189170438365	157.434876719285	227.942344505327	217.199976959871	210.225846680581	9.7700001001358	1113.73600176573	10.7889997363091	334.07300080061	0.0155172413793103	0	0.175287356321839	1719.20000385046
Eau Claire, WI	2020	17	0	0	NA	NA	NA	NA	NA	-91.59	44.75	2019-06-14	2019-08-09	241.292067358361	121.734792234492	85.7427485926493	220.548665322337	155.444883654589	308.007150668913	311.804789159739	167.978906165272	160.811814914491	215.189170438365	157.434876719285	227.942344505327	217.199976959871	210.225846680581	NA	NA	NA	NA	0.021551724137931	0	0.123563218390805	1793.53650232553
Eau Claire, WI	2021	22	14	0.636363636363636	4	148	155	288	140	-91.59	44.75	2021-05-28	2021-10-15	NA	NA	NA	NA	NA	NA	NA	NA	NA	NA	NA	NA	NA	NA	3.44589996337891	2012.09982579499	57.092096619308	277.171284373105	0.017816091954023	0	0.168390804597701	2035.75147350579
Freeport, IL	2018	22	13	0.590909090909091	4	152	152	236	84	-89.7	42.28	2018-06-01	2018-08-24	70.6214612396736	205.832422796344	334.678185618321	325.548436498401	283.749569055505	297.979254411008	218.095620316486	280.172916891892	203.362098917453	131.544736669025	65.9545015127979	340.289603435301	315.944846187988	56.642298003905	33.6030002832413	1525.34950592238	24.3320008516312	367.011502191611	0.000287686996547756	0	0.195051783659379	2022.59900157172
Freeport, IL	2019	22	82	3.72727272727273	23	151	214	249	98	-89.7	42.28	2019-05-31	2019-09-06	240.834113743651	335.86266444543	41.3761052094701	109.697875250668	331.939304870712	176.68962276513	222.89093067949	168.733083282822	261.583123482657	131.463036691286	252.521827887881	207.120353750633	1.40577890775154	13.1641170851848	77.8930010795593	1544.01999594122	66.1840017398354	244.821998657286	0.00517836593785961	0	0.481300345224396	1893.81249658018
Freeport, IL	2020	20	18	0.9	4	150	157	290	140	-89.7	42.28	2020-05-29	2020-10-16	135.916953182107	245.318207905081	275.322347551614	286.881490672916	269.862085877946	243.550261478412	321.563412395944	199.60336864873	159.574083807356	245.050716542426	209.806309720544	268.362751189646	357.458918413287	211.894522627109	0.598999977111816	1868.68550087511	37.5959997177124	227.29200014174	0.0172612197928654	0	0.178365937859609	1877.04900094569
Freeport, IL	2021	17	26	1.52941176470588	4	162	169	246	84	-89.7	42.28	2021-06-11	2021-09-03	NA	NA	NA	NA	NA	NA	NA	NA	NA	NA	NA	NA	NA	NA	3.3526998758316	1681.39440515488	3.61239982396364	488.018678836524	0.0161104718066743	0	0.490218642117376	2172.16898797005
Hancock, WI	2019	12	6	0.5	3	207	221	235	28	-89.53	44.12	2019-07-26	2019-08-23	256.654924510514	228.786519753875	151.325223519337	136.255525707526	89.6014295128253	115.448124376931	224.040576912847	18.1545035724654	73.5813030636523	186.115110494637	267.145159349118	191.995005445499	250.844035899879	226.206296533399	11.2150001525879	1227.7597525835	69.6899995803833	877.194252610206	0.028448275862069	0.0166666666666667	0.0974137931034483	1634.38975180387
Hancock, WI	2020	13	14	1.07692307692308	4	178	234	276	98	-89.53	44.12	2020-06-26	2020-10-02	227.641478237049	192.172900558665	168.703949268046	134.823946350709	263.907553342068	210.816402741876	191.295833327092	125.86083627237	153.643224416007	184.160115398669	183.616326087499	192.889409293471	221.046103613608	260.397416903613	9.92849997058511	1642.84625036125	36.1780000180006	488.855501461076	0.0336206896551724	0.0146551724137931	0.121551724137931	1690.46550092106
Hancock, WI	2021	14	52	3.71428571428571	35	148	232	232	84	-89.53	44.12	2021-05-28	2021-08-20	NA	NA	NA	NA	NA	NA	NA	NA	NA	NA	NA	NA	NA	NA	0	1352.0919488579	39.0919496119022	270.234785118699	0.0353448275862069	0.130747126436782	0.0649425287356322	1935.02649731934
Kanawha, IA	2018	17	0	0	NA	NA	NA	NA	NA	-93.8	42.93	2021-05-28	2021-08-20	NA	NA	NA	NA	NA	NA	NA	NA	NA	NA	NA	NA	NA	NA	NA	NA	NA	NA	0.000575208513085994	0	0.273799252228933	2004.11650345623
Kanawha, IA	2019	22	35	1.59090909090909	27	158	158	263	105	-93.8	42.93	2019-06-07	2019-09-20	333.168277896801	66.9165892585319	193.241593624861	270.971539674448	250.214302298395	103.920408223981	167.049426781	276.959989974909	251.695398605871	272.304251346651	287.33100470974	301.098263412335	239.404697595218	241.250242491304	34.381499286741	1727.85724568972	4.71699999272823	332.116997605655	0.000862812769628991	0	0.383088869715272	1883.40099576423
Kanawha, IA	2020	16	73	4.5625	17	150	185	283	133	-93.8	42.93	2020-05-29	2020-10-09	127.302765079473	99.8744590111115	247.39355706721	286.408364103433	270.052218426369	316.77125891316	353.674370919119	266.671556461495	35.2522328999916	163.307648562228	195.882784013424	256.763092599342	78.819504674317	339.018053111431	0	1891.83074639887	53.5670008659363	252.80799985975	0.00258843830888697	0	0.257118205349439	1933.54174649417
Kanawha, IA	2021	23	131	5.69565217391304	38	148	204	295	147	-93.8	42.93	2021-05-28	2021-10-22	NA	NA	NA	NA	NA	NA	NA	NA	NA	NA	NA	NA	NA	NA	5.28129988908768	2123.874323304	23.766899317503	308.765158002079	0.000287604256542997	0	0.448950244463618	2123.874323304
Keith, NE	2021	13	4	0.307692307692308	3	211	211	260	49	-101.650213	41.210536	2021-07-30	2021-09-17	NA	NA	NA	NA	NA	NA	NA	NA	NA	NA	NA	NA	NA	NA	9.94149965047836	1877.46467097476	0	1165.46963737681	0.00373778033352501	0	0.000287521564117309	2123.86608680859
Kellogg, MI	2018	23	4	0.173913043478261	2	194	194	215	21	-85.37	42.41	2018-07-13	2018-08-03	262.889473994842	302.562323333934	40.1076547362185	172.387015306419	216.190632486041	305.847741643349	6.36433884533869	241.827496614438	245.394605187932	145.294171231488	39.0979216158106	53.132908831209	169.83612324847	168.741809391739	19.5880002975464	1284.05450069457	0.361000001430511	979.629497261345	0.139896373056995	0.00143926309729419	0.211283822682786	2184.02350072414
Kellogg, MI	2019	22	8	0.363636363636364	2	179	228	284	105	-85.37	42.41	2019-06-28	2019-10-11	227.817597387338	271.7717656777	203.907245666105	204.973479483106	261.115476099989	320.516900555438	0.87071251559388	296.250504476866	331.435112255498	316.676716812053	269.880584323689	186.669536768506	212.063911107178	333.758346570765	6.03900003433228	2044.36900114715	17.316999912262	618.438999649882	0.140184225676454	0	0.0955670696603339	2054.9300008744
Kellogg, MI	2020	20	5	0.25	3	157	171	192	35	-85.37	42.41	2020-06-05	2020-07-10	164.663077428365	188.723679374154	177.751336170346	224.702272568165	239.055526934814	98.2540140109772	140.701837413506	222.770418114519	231.482806393375	210.383339949825	193.196849364614	133.4270447106	132.384755125039	48.7063956940212	27.9589996337891	850.335502183437	4.15100016794167	334.127000844479	0.135002878526195	0	0.122049510650547	2000.31400002241
Kellogg, MI	2021	22	4	0.181818181818182	2	162	288	288	126	-85.37	42.41	2021-06-11	2021-10-15	NA	NA	NA	NA	NA	NA	NA	NA	NA	NA	NA	NA	NA	NA	25.8912990987301	2136.23397641554	13.2387998104095	481.865733770281	0.139896373056995	0.000287852619458837	0.12118595279217	2170.27582488433
Lamberton, MN	2018	23	2	0.0869565217391304	2	152	152	152	0	-95.32	44.24	2018-06-01	2018-06-01	20.1908205796685	167.349601118493	276.680365363895	282.899736147465	251.287711224263	277.36423419251	188.216944698916	20.1908205796685	167.349601118493	276.680365363895	282.899736147465	251.287711224263	277.36423419251	188.216944698916	15.128499686718	339.927749419212	15.128499686718	339.927749419212	0.0603621730382294	0	0.227939062949123	1914.42700144052
Lamberton, MN	2019	23	2	0.0869565217391304	1	172	172	207	35	-95.32	44.24	2019-06-21	2019-07-26	317.294741591973	318.638561088007	68.9046874444847	141.7851805028	147.817185637083	10.271157653645	321.705267160701	255.691083185659	272.183162036072	222.328102347043	137.184128477494	118.821311864682	116.947785262657	89.7667220463047	26.6614997903816	974.184255564213	13.7234999835491	455.78625484705	0.0546133946536361	0	0.458752515090543	1773.61050646901
Lamberton, MN	2020	23	1	0.0434782608695652	1	192	192	192	0	-95.32	44.24	2020-07-10	2020-07-10	151.941136814151	220.8680315041	270.426354789104	249.649438418159	255.683612298977	275.538397743318	297.567025029496	151.941136814151	220.8680315041	270.426354789104	249.649438418159	255.683612298977	275.538397743318	297.567025029496	34.8190002441406	833.358750591148	34.8190002441406	833.358750591148	0.0612244897959184	0.000287438919229664	0.237711986202932	1884.46825006949
Lamberton, MN	2021	23	25	1.08695652173913	8	169	211	274	105	-95.32	44.24	2021-06-18	2021-10-01	NA	NA	NA	NA	NA	NA	NA	NA	NA	NA	NA	NA	NA	NA	11.4206498265266	1904.7451646775	0.964549958705902	547.544605955481	0.0494394941075022	0	0.415349238286864	2041.4144325763
Lancaster, WI	2018	22	0	0	NA	NA	NA	NA	NA	-90.79	42.83	2021-06-18	2021-10-01	NA	NA	NA	NA	NA	NA	NA	NA	NA	NA	NA	NA	NA	NA	NA	NA	NA	NA	0.0667433831990794	0	0.0992520138089758	2014.58499812782
Lancaster, WI	2019	23	4	0.173913043478261	2	172	242	242	70	-90.79	42.83	2019-06-21	2019-08-30	314.571508135392	77.8945987528525	79.031118271036	145.878809344613	357.503360386341	39.6254750222075	282.636299095171	112.141152137554	232.048933639227	186.602932089252	181.911272237191	330.951367255166	315.438609851376	328.364581226764	4.50499987602234	1465.33649809808	42.204001635313	473.252000169456	0.0883199079401611	0	0.125431530494822	1865.68350079507
Lancaster, WI	2020	23	3	0.130434782608696	1	171	171	283	112	-90.79	42.83	2020-06-19	2020-10-09	276.783441839571	289.219366577677	294.040406026223	289.444638184302	301.195307463186	331.250829325891	36.6150680838988	274.451191271001	96.9961553782897	183.647118117751	237.352313834599	266.958394589932	104.233171202849	318.506319320506	0.485000014305115	1815.70099759102	0	483.96899740696	0.0926352128883774	0	0.0831415420023015	1857.85549764633
Lancaster, WI	2021	22	5	0.227272727272727	2	211	218	274	63	-90.79	42.83	2021-07-30	2021-10-01	NA	NA	NA	NA	NA	NA	NA	NA	NA	NA	NA	NA	NA	NA	0.274599999189377	1996.54032951593	59.4059963226318	1207.31415759325	0.109608745684695	0	0.130897583429229	2159.77397173643
Langlade, WI	2019	21	7	0.333333333333333	2	193	193	263	70	-89.11	45.16	2019-07-12	2019-09-20	198.075651191097	128.158809426136	248.708675730104	264.955251581346	183.649432270584	70.9769519217689	54.779078087049	271.220168835742	247.488464324154	258.653023084123	257.320908667342	207.081419423262	302.305357538657	181.321933646596	30.5314992964268	1185.15775036919	16.1294995546341	511.815999628184	0.284071305347901	0.18372627947096	0.0687176538240368	1284.92274961355
Langlade, WI	2020	20	1	0.05	1	262	262	262	0	-89.11	45.16	2020-09-18	2020-09-18	82.5668071519058	95.8888443824166	182.835800805043	231.02154000022	242.017905843147	162.496505750986	290.902219001782	82.5668071519058	95.8888443824166	182.835800805043	231.02154000022	242.017905843147	162.496505750986	290.902219001782	23.7940001487732	1294.47975460589	23.7940001487732	1294.47975460589	0.337550316273721	0.103795284646348	0.145485911443358	1396.66825363338
Langlade, WI	2021	23	7	0.304347826086957	5	169	169	225	56	-89.11	45.16	2021-06-18	2021-08-13	NA	NA	NA	NA	NA	NA	NA	NA	NA	NA	NA	NA	NA	NA	79.2582972496748	1075.55100458264	6.65355001576245	424.028979331255	0.163024726854514	0.291259344450834	0.0529039677975848	1621.99117620233
Manhattan, KS	2018	22	6	0.272727272727273	3	152	152	292	140	-96.59	39.21	2018-06-01	2018-10-19	300.932791481004	216.093539377677	222.46604383854	301.594352439513	293.144320293006	254.4157803276	226.535017774349	232.223755040461	293.333270293583	149.381776256111	206.130756462918	118.787518507709	66.5617393212704	281.482552511522	6.79499994963408	2687.51650690734	14.9169998541474	638.788001868129	0.00720461095100865	0	0.176945244956772	2687.51650690734
Manhattan, KS	2019	22	12	0.545454545454545	3	158	249	291	133	-96.59	39.21	2019-06-07	2019-10-18	35.0847207642901	20.4449520640232	209.368747783395	263.141959176699	313.862454922937	54.5273847774222	204.680714671736	284.166819210372	284.344716972799	125.007382906934	123.35549660954	318.768441402065	220.961094226632	217.337971187651	0	2532.34799619019	9.00199994444847	583.228499498963	0.0135446685878963	0	0.155907780979827	2532.34799619019
Manhattan, KS	2020	16	0	0	NA	NA	NA	NA	NA	-96.59	39.21	2019-06-07	2019-10-18	35.0847207642901	20.4449520640232	209.368747783395	263.141959176699	313.862454922937	54.5273847774222	204.680714671736	284.166819210372	284.344716972799	125.007382906934	123.35549660954	318.768441402065	220.961094226632	217.337971187651	NA	NA	NA	NA	0.0172910662824208	0	0.131700288184438	2483.01200487018
Manhattan, KS	2021	23	0	0	NA	NA	NA	NA	NA	-96.59	39.21	2019-06-07	2019-10-18	35.0847207642901	20.4449520640232	209.368747783395	263.141959176699	313.862454922937	54.5273847774222	204.680714671736	284.166819210372	284.344716972799	125.007382906934	123.35549660954	318.768441402065	220.961094226632	217.337971187651	NA	NA	NA	NA	0.0195965417867435	0	0.085878962536023	2621.5174689699
Monmouth, IL	2018	23	4	0.173913043478261	2	194	194	215	21	-90.72	40.93	2018-07-13	2018-08-03	292.871129160983	312.61340465196	4.31189384353263	98.8410327623408	284.743835035263	340.05943415101	3.79533335027031	159.429626036334	213.652702105533	185.059408747995	48.9219189574199	22.7019963214923	359.945552673332	111.727343735448	1.22266666963696	1438.20166957279	0	1139.44633576771	0.0025847214244687	0	0.296668581275129	2341.16800322036
Monmouth, IL	2019	23	18	0.782608695652174	3	151	221	277	126	-90.72	40.93	2019-05-31	2019-10-04	194.552276664109	217.457760705583	47.5183057997572	156.984215751951	279.321877948176	185.583748987862	225.118091550091	71.0847564380014	139.329129935201	218.14602203968	249.433367914419	277.925304663986	0.642650407187205	63.9632691840864	160.238333748033	2163.77483329674	142.74166427056	350.856166393558	0.00143595634692705	0	0.495117748420448	2208.00300087035
Monmouth, IL	2020	22	6	0.272727272727273	2	157	157	220	63	-90.72	40.93	2020-06-05	2020-08-07	249.637202060594	93.1652361833665	226.883244770479	233.420830836951	280.006179485596	32.971577403987	122.332603269761	299.474275293205	293.831656203729	68.1881289337861	68.5493695790263	88.4616010185388	134.722169613719	75.0534723687557	14.1750001907349	1373.31533319751	15.5806665420532	416.555331983169	0.00143595634692705	0	0.326823664560597	2132.99450015028
Monmouth, IL	2021	20	5	0.25	2	148	148	218	70	-90.72	40.93	2021-05-28	2021-08-06	NA	NA	NA	NA	NA	NA	NA	NA	NA	NA	NA	NA	NA	NA	11.609299659729	1401.69218289455	17.1305332183838	396.139312048753	0.000287191269385411	0	0.370189546237794	2391.20485242605
Monroe, MI	2018	20	5	0.25	2	152	208	243	91	-83.47	41.93	2018-06-01	2018-08-31	146.619528160221	254.259559641558	332.430240076534	355.149183060555	209.404470564189	253.064837423062	227.499622180662	3.17022935111873	53.6130260469685	212.085009099586	226.743513864887	234.578024361276	228.696077109432	252.162349046121	5.99333332603176	1684.90600219568	12.9986666242282	366.438502558072	0.0172612197928654	0	0.0992520138089758	2162.87450268269
Monroe, MI	2019	19	8	0.421052631578947	6	263	263	284	21	-83.47	41.93	2019-09-20	2019-10-11	313.996132548534	332.71949670493	2.58640554094325	27.4249804019101	309.054123868303	233.221397332607	186.878763826824	321.393075046414	355.285327803152	356.868244573545	7.61097320725725	191.245982007483	227.566684737997	358.344112958961	3.74033325910568	2071.63799993992	17.6423332691193	1853.07266706626	0.0238780207134638	0	0.0379746835443038	2083.35449956258
Monroe, MI	2020	21	4	0.19047619047619	2	185	269	269	84	-83.47	41.93	2020-07-03	2020-09-25	179.581485641813	53.930968782178	353.269880804271	1.55988712470651	23.0430407811048	182.488109875637	213.330623896264	252.724019230902	199.574658244969	203.772361740177	273.682277354518	318.675052829528	355.171354973372	48.8646839048936	0	1839.75450083175	34.7449993689855	701.405667433725	0.0172612197928654	0	0.133486766398159	1973.02216714778
Monroe, MI	2021	21	2	0.0952380952380952	1	267	267	274	7	-83.47	41.93	2021-09-24	2021-10-01	NA	NA	NA	NA	NA	NA	NA	NA	NA	NA	NA	NA	NA	NA	3.14716656257709	2060.29526208316	108.282664408286	1999.01979829545	0.0169735327963176	0	0.104430379746835	2264.50240342692
Morris, IL	2018	23	4	0.173913043478261	2	159	159	208	49	-88.38	41.34	2018-06-08	2018-07-27	19.5920436152634	276.336872789075	31.8526752348444	176.274439528708	145.450633549716	141.557051970578	28.4954519000872	150.011823272068	192.868624787553	133.434292446583	132.554533238333	105.470549384195	94.5285584972552	143.34850449794	15.1899997214787	1305.84750351496	2.73300004005432	542.042999501899	0.0031627372052904	0	0.207878090856814	2325.30350532122
Morris, IL	2019	23	7	0.304347826086957	2	151	151	235	84	-88.38	41.34	2019-05-31	2019-08-23	125.991451052252	88.2462503385132	36.5595704226334	201.164349578921	324.171911652697	174.973974876818	217.864826841761	32.932795010617	103.048879112339	182.484137882714	286.537328505515	336.354733922064	240.693203616195	272.411948318451	14.8909999746829	1603.51799012423	48.5029988288879	338.903496181965	0.0066129959746981	0	0.145485911443358	2193.94349424839
Morris, IL	2020	23	35	1.52173913043478	8	157	164	290	133	-88.38	41.34	2020-06-05	2020-10-16	248.267476258186	182.652099634088	198.416813417811	227.961334739532	284.545669235913	50.9273375584696	131.163773853093	188.54984620289	176.731761267716	249.909894353808	202.072749179154	273.196605670763	28.4344698887246	226.860188177959	1.33299994468689	2142.46250021458	7.01300001144409	395.184500223398	0.000862564692351926	0	0.249856239217941	2160.9229995966
Morris, IL	2021	23	10	0.434782608695652	3	141	141	295	154	-88.38	41.34	2021-05-21	2021-10-22	NA	NA	NA	NA	NA	NA	NA	NA	NA	NA	NA	NA	NA	NA	0.514499984215945	2408.69871603372	13.842399418354	279.236382998247	0.00632547441058079	0	0.154399079930995	2408.69871603372
Morris, MN	2018	22	0	0	NA	NA	NA	NA	NA	-95.87	44.71	2021-05-21	2021-10-22	NA	NA	NA	NA	NA	NA	NA	NA	NA	NA	NA	NA	NA	NA	NA	NA	NA	NA	0.00892343120322395	0	0.402130109383995	1960.8810012579
Morris, MN	2019	23	13	0.565217391304348	7	172	207	270	98	-95.87	44.71	2019-06-21	2019-09-27	326.532016758458	313.366368609524	50.920265722213	140.653426708417	155.255137563997	359.746907221412	358.767940742993	200.915307666525	213.71401944755	169.128834376066	251.750320840597	220.22618105883	167.96671620509	273.115318903831	13.1129996459931	1723.25649691224	14.6189997680485	447.992501312494	0.00863557858376511	0	0.231145653425446	1782.56399496794
Morris, MN	2020	23	8	0.347826086956522	1	157	157	283	126	-95.87	44.71	2020-06-05	2020-10-09	70.7110976886802	246.743128606328	119.700887828092	205.557538047291	264.482888158438	304.286144241497	105.138082470306	256.794285895054	349.459900131832	149.460783292317	185.702603808654	248.766985983201	259.185736810801	33.5977524385983	0	1874.3379957281	1.92800003290176	310.091001709551	0.00604490500863558	0	0.324697754749568	1909.67499540672
Morris, MN	2021	22	3	0.136363636363636	1	197	197	253	56	-95.87	44.71	2021-07-16	2021-09-10	NA	NA	NA	NA	NA	NA	NA	NA	NA	NA	NA	NA	NA	NA	0	1737.31970044672	17.1734998226166	943.592471900582	0.00604490500863558	0.000287852619458837	0.320955670696603	2091.80243259966
Nashua, IA	2018	23	0	0	NA	NA	NA	NA	NA	-92.57	42.93	2021-07-16	2021-09-10	NA	NA	NA	NA	NA	NA	NA	NA	NA	NA	NA	NA	NA	NA	NA	NA	NA	NA	0	0	0.458884416331225	2032.9761646832
Nashua, IA	2019	23	6	0.260869565217391	2	172	214	249	77	-92.57	42.93	2019-06-21	2019-09-06	321.715463371965	45.6756234574468	59.4125178913743	109.095246937262	324.019876234878	26.2205071241987	277.260259494822	126.533242304953	280.501206232946	121.764541739362	225.349250110863	283.208814190498	309.820178453456	17.8234397958592	1.05300001303355	1578.87083315055	11.4833333094915	501.85233476162	0	0	0.418631397354802	1928.29166549047
Nashua, IA	2020	23	4	0.173913043478261	3	213	213	276	63	-92.57	42.93	2020-07-31	2020-10-02	63.4849570339888	53.2748214612764	181.072965668922	194.578298621061	143.744645096388	237.560303214847	274.020036986486	119.820577990265	136.121733066138	157.764084932729	166.472031075703	159.98975882111	206.814827300066	260.873739881185	2.19499999284744	1885.03583707611	0.00400000003476938	1203.24566914042	0	0	0.374640598044853	1961.72900415063
Nashua, IA	2021	23	6	0.260869565217391	3	155	155	211	56	-92.57	42.93	2021-06-04	2021-07-30	NA	NA	NA	NA	NA	NA	NA	NA	NA	NA	NA	NA	NA	NA	0.07616666603523	1238.10557098786	0.542466658477982	388.170761319001	0	0	0.294709603220242	2190.58690107664
NEPAC, IN	2020	19	3	0.157894736842105	1	171	171	276	105	-85.4	41.11	2020-06-19	2020-10-02	198.036691713042	349.18652722849	339.504348241782	328.254871843068	28.0102177923623	20.8751887904927	25.9896706689451	141.744357348476	177.550926604192	206.23123498691	189.227045733804	116.122715368432	228.996299475466	247.312302977903	6.77350008845679	1939.91462501616	4.22775000333786	541.609623846714	0.00633275762809442	0	0.516983304548071	2033.45099981159
NEPAC, IN	2021	21	36	1.71428571428571	13	162	162	274	112	-85.4	41.11	2021-06-11	2021-10-01	NA	NA	NA	NA	NA	NA	NA	NA	NA	NA	NA	NA	NA	NA	9.25054968893528	2084.6756364774	15.1754745566577	515.662875492498	0.00201496833621186	0	0.399539435808866	2281.47340318672
Orr, IL	2020	21	68	3.23809523809524	21	143	171	248	105	-90.82	39.81	2020-05-22	2020-09-04	NA	NA	NA	NA	NA	NA	NA	NA	NA	NA	NA	NA	NA	NA	23.3112502098083	1904.42112496775	35.0917498436756	284.953874978237	0.0014367816091954	0	0.268103448275862	2299.16212512087
Orr, IL	2021	23	59	2.56521739130435	29	155	169	274	119	-90.82	39.81	2021-06-04	2021-10-01	NA	NA	NA	NA	NA	NA	NA	NA	NA	NA	NA	NA	NA	NA	2.63309990765993	2287.56214029966	2.22907495498657	495.50591204344	0.0028735632183908	0	0.453448275862069	2494.09480587422
PPAC, IN	2018	23	1	0.0434782608695652	1	159	159	159	0	-86.93	41.44	2018-06-08	2018-06-08	48.0485153453751	297.625392888984	52.0041333813655	177.169662796724	146.800759728659	131.387415946369	50.2775843183459	48.0485153453751	297.625392888984	52.0041333813655	177.169662796724	146.800759728659	131.387415946369	50.2775843183459	1.12300001643598	481.152126623038	1.12300001643598	481.152126623038	0.0166714573153205	0	0.337740730094855	2194.5721283325
PPAC, IN	2019	22	14	0.636363636363636	4	165	221	277	112	-86.93	41.44	2019-06-14	2019-10-04	223.712270447189	122.638748078768	262.57737958027	190.176624728382	120.751460041227	27.3468344298792	31.7614862055686	84.4121890769378	132.040263333319	10.4933605956606	246.159792702867	279.131533039144	9.15639934342198	81.9303949594238	149.130500793457	2015.79387315214	13.4015000330983	459.854875835776	0.0135096292037942	0	0.417936188559931	2062.91774805707
PPAC, IN	2020	23	33	1.43478260869565	13	157	164	283	126	-86.93	41.44	2020-06-05	2020-10-09	207.867124038943	168.265445614243	203.312180205939	234.023436621958	268.555162831671	55.0900882384123	120.024198583619	273.853072926787	124.153523432437	191.7588449327	235.060085756633	216.004479922727	131.709322207758	205.173733097978	11.5784998834133	1930.13362790961	0.00600000005215406	343.710249963589	0.0212704800229951	0	0.272204656510492	1996.33575333375
PPAC, IN	2021	21	6	0.285714285714286	2	141	148	246	105	-86.93	41.44	2021-05-21	2021-09-03	NA	NA	NA	NA	NA	NA	NA	NA	NA	NA	NA	NA	NA	NA	0.748699970543385	1730.38095374647	5.92469981312752	237.044961404242	0.0132221902845645	0	0.414199482609945	2259.34484656993
Rhinelander, WI	2018	22	0	0	NA	NA	NA	NA	NA	-89.27	45.66	2021-05-21	2021-09-03	NA	NA	NA	NA	NA	NA	NA	NA	NA	NA	NA	NA	NA	NA	NA	NA	NA	NA	0.132661870503597	0.0235971223021583	0.0440287769784173	1497.86474435329
Rhinelander, WI	2019	23	4	0.173913043478261	2	179	207	207	28	-89.27	45.66	2019-06-28	2019-07-26	270.70383381606	218.27230564253	190.793396209934	199.872296102083	268.000993204897	312.973178264097	320.934475642365	248.311103332402	226.606877765773	148.42137866904	128.731878639367	97.9251658552085	135.866491995665	170.020015297783	46.6259998753667	712.398250614107	12.0730001330376	348.27899941057	0.144460431654676	0.0224460431654676	0.0109352517985612	1299.82950081307
Rhinelander, WI	2020	21	5	0.238095238095238	2	192	192	248	56	-89.27	45.66	2020-07-10	2020-09-04	148.14127028861	241.678611835004	260.321780577518	199.967249225894	218.248800869465	178.487702831829	312.349156221191	169.50375364915	195.943252240898	207.540508089136	213.54964512791	269.232674725442	151.07330024155	134.287466086264	28.4610001593828	1191.35475285053	48.100499805063	587.864504504204	0.0748201438848921	0.117410071942446	0.00920863309352518	1339.33725190163
Rosemount, MN	2018	23	1	0.0434782608695652	1	229	229	229	0	-93.1	44.71	2018-08-17	2018-08-17	59.4466708358873	46.3104796102337	71.8367594455573	241.287772666373	254.23384821806	259.81956398289	218.606227294449	59.4466708358873	46.3104796102337	71.8367594455573	241.287772666373	254.23384821806	259.81956398289	218.606227294449	8.38500022888184	1449.00524535738	8.38500022888184	1449.00524535738	0.0048963133640553	0	0.500576036866359	1933.72049801908
Rosemount, MN	2019	23	3	0.130434782608696	2	193	193	263	70	-93.1	44.71	2019-07-12	2019-09-20	232.127253665945	139.384676999213	207.621527713976	300.434472735974	279.114700391873	7.88892021748342	63.1551121598071	323.466722994177	214.696942278342	271.920233566968	281.66896453027	288.332501023361	248.175129131125	239.818392540455	6.20250009745359	1630.50275212526	17.7654999196529	744.759501039982	0.00201612903225806	0	0.217453917050691	1764.86975291371
Rosemount, MN	2020	23	4	0.173913043478261	1	171	171	276	105	-93.1	44.71	2020-06-19	2020-10-02	168.951389552693	278.574034729611	292.19927215395	281.404074213035	303.201710147018	325.692307570092	1.49283431425044	126.973492041769	138.386076284566	155.864888550059	184.173818614765	155.946662037025	187.370966572801	282.634845702157	4.12299993634224	1768.64725264609	31.3055000305176	496.276502117515	0.00921658986175115	0	0.421658986175115	1824.88700261414
Rosemount, MN	2021	23	7	0.304347826086957	2	197	211	288	91	-93.1	44.71	2021-07-16	2021-10-15	NA	NA	NA	NA	NA	NA	NA	NA	NA	NA	NA	NA	NA	NA	1.32149997167289	2026.51837648489	6.59639978408813	941.87449192144	0.00864055299539171	0	0.319124423963134	2050.69447539784
Scottville, MI	2019	17	13	0.764705882352941	4	158	193	284	126	-86.3683	43.8364	2019-06-07	2019-10-11	27.6740705058058	81.0282140876878	226.317822849084	257.098424598435	91.8248622131906	102.639794615692	232.419647838933	292.391306468412	315.718893180622	298.479246648339	270.131009255256	196.759544516319	233.073474177974	313.919644751027	9.70099973678589	1547.97750348747	17.7260005474091	203.504502460361	0.137435307648074	0	0.0368027602070155	1552.0085039109
Scottville, MI	2020	17	13	0.764705882352941	5	185	199	269	84	-86.3683	43.8364	2020-07-03	2020-09-25	89.8835747667405	63.7243657511323	318.094911234502	305.217402857062	315.419519538056	11.5691431458769	204.972579335978	262.635640257023	230.521575584333	209.470674535769	256.018283393217	281.038374915218	283.530167219413	288.331550703208	0	1528.33350098431	1.85999995470047	538.276499798894	0.0836687751581369	0.000287521564117309	0.125359401955147	1621.40150301754
Scottville, MI	2021	17	2	0.117647058823529	2	232	232	232	0	-86.3683	43.8364	2021-08-20	2021-08-20	NA	NA	NA	NA	NA	NA	NA	NA	NA	NA	NA	NA	NA	NA	0	1248.7842005074	0	1248.7842005074	0.0701552616446234	0.000287521564117309	0.070730304772858	1872.98152473569
SEPAC, IN	2018	22	0	0	NA	NA	NA	NA	NA	-85.53	39.04	2021-08-20	2021-08-20	NA	NA	NA	NA	NA	NA	NA	NA	NA	NA	NA	NA	NA	NA	NA	NA	NA	NA	0.000287191269385411	0	0.287191269385411	2601.81549713016
SEPAC, IN	2019	23	3	0.130434782608696	1	165	165	270	105	-85.53	39.04	2019-06-14	2019-09-27	227.524098799022	189.282036921302	300.158237871173	92.6401930766321	157.505767041692	338.821136526471	8.85441264362942	277.651326373177	187.608628483738	273.833619193613	145.527515800047	212.600362237269	273.661080780637	242.362496368794	2.31050002574921	2312.54925417304	34.3464993645903	710.214502805471	0.000861573808156232	0	0.32165422171166	2499.56575380266
SEPAC, IN	2020	22	12	0.545454545454545	10	171	171	290	119	-85.53	39.04	2020-06-19	2020-10-16	150.96441806821	103.576024340094	347.004525201945	356.457676702926	51.227652423987	35.011493686641	29.3871685256584	168.887088700593	217.43397105857	263.027570557487	148.193588504407	299.261865998416	355.950005738286	253.238021756638	7.60950000956655	2302.4459990019	1.17400000989437	706.513749258965	0.00114876507754164	0	0.274554853532453	2337.34324851576
SEPAC, IN	2021	21	4	0.19047619047619	2	141	211	211	70	-85.53	39.04	2021-05-21	2021-07-30	NA	NA	NA	NA	NA	NA	NA	NA	NA	NA	NA	NA	NA	NA	1.78529995679855	1375.64351905286	9.45329976081848	350.053577789664	0.000287191269385411	0	0.245548535324526	2506.6158823818
Seymour, WI	2018	22	1	0.0454545454545455	1	159	159	159	0	-88.31	44.55	2018-06-08	2018-06-08	16.9276187032839	282.713539185234	300.041447975673	71.0974792656545	165.781528264786	200.746796106245	14.6298690744624	16.9276187032839	282.713539185234	300.041447975673	71.0974792656545	165.781528264786	200.746796106245	14.6298690744624	18.3625001907349	358.711001928151	18.3625001907349	358.711001928151	0.189913544668588	0	0.340345821325648	1816.55975589305
Seymour, WI	2019	21	1	0.0476190476190476	1	179	179	179	0	-88.31	44.55	2019-06-28	2019-06-28	251.682484242741	240.202615699528	200.789616893132	211.973778738368	305.811838754732	345.003136580707	356.114363221735	251.682484242741	240.202615699528	200.789616893132	211.973778738368	305.811838754732	345.003136580707	356.114363221735	26.7779995203018	435.13849786222	26.7779995203018	435.13849786222	0.204610951008646	0	0.0979827089337176	1624.69924649298
Seymour, WI	2020	23	5	0.217391304347826	4	164	164	248	84	-88.31	44.55	2020-06-12	2020-09-04	109.845957910536	176.088487121054	240.585425477927	317.620206800573	290.587326489606	345.026094640204	121.909945952217	180.838049782097	199.620739042333	211.442005264037	158.404841509074	280.460549626225	125.087877945976	142.726002590836	23.3719999790192	1453.46725437194	35.8290003230213	317.048749800026	0.194524495677233	0	0.394812680115274	1679.81150307208
Seymour, WI	2021	22	1	0.0454545454545455	1	260	260	260	0	-88.31	44.55	2021-09-17	2021-09-17	NA	NA	NA	NA	NA	NA	NA	NA	NA	NA	NA	NA	NA	NA	1.52974997460842	1668.3057677269	1.52974997460842	1668.3057677269	0.125936599423631	0	0.316138328530259	1938.03010465503
Sutherland, IA	2018	22	7	0.318181818181818	3	152	201	236	84	-95.54	42.93	2018-06-01	2018-08-24	349.717929543517	189.862470493885	239.330281541557	296.434499739257	285.663582029162	296.657182970817	190.571975321821	279.634297229724	276.585914696854	156.75604535246	93.9374117810781	50.7897565332236	335.103769960459	28.1676015418992	23.7274997383356	1583.56724964678	7.6370000243187	361.011997953057	0	0	0.380224848659556	2018.70674755275
Sutherland, IA	2019	23	8	0.347826086956522	2	200	207	270	70	-95.54	42.93	2019-07-19	2019-09-27	260.509052729147	276.807655848523	335.119141659695	258.975706953141	264.938668851962	267.470567913152	255.292975792414	308.246366425809	209.54924163421	186.489184920199	240.929194268759	222.018536814602	139.877520833767	270.00689638636	12.8080003000796	1819.60075189471	34.8549998402596	933.236500400305	0	0	0.499855866243874	1892.33700111508
Sutherland, IA	2020	21	20	0.952380952380952	9	164	206	276	112	-95.54	42.93	2020-06-12	2020-10-02	175.028012718952	178.339059253647	129.920201472418	318.675136704552	280.493540931129	307.727295720433	357.191976990799	78.4195738440596	134.89363001345	146.839686170948	183.56453271145	143.272089716177	183.184826729918	232.744520946905	0.0329999998211861	1933.7755007308	46.701000213623	455.496501426026	0.000288267512251369	0	0.407610262323436	2009.00399951301
Sutherland, IA	2021	23	29	1.26086956521739	9	162	162	288	126	-95.54	42.93	2021-06-11	2021-10-15	NA	NA	NA	NA	NA	NA	NA	NA	NA	NA	NA	NA	NA	NA	14.9780997931957	2103.80852688672	0	467.808830310125	0	0	0.507927356586913	2130.37112507941
TPAC, IN	2018	22	2	0.0909090909090909	1	159	159	201	42	-86.59	40.18	2018-06-08	2018-07-20	228.995314470861	253.140140235282	61.5214867760423	178.42591587264	140.025652311923	150.462915558434	25.6525050606207	258.612111575227	334.061086690968	55.5002134770019	109.722129970043	229.535716587716	268.62602291906	264.190015352453	1.1875	1271.52125428598	5.13949995185249	613.149500784092	0.00230348401957961	0	0.588252231500144	2451.88350363653
TPAC, IN	2020	23	40	1.73913043478261	17	150	171	269	119	-86.59	40.18	2020-05-29	2020-09-25	175.963315254192	264.652931703347	277.804432629042	293.238002071322	262.113082718205	258.233380327475	307.714051161685	273.285799388933	227.008464402398	217.11221256128	253.499804577404	325.013268356057	355.698114247109	24.3358836938727	0	2051.90374871306	37.6795005053282	365.194997773692	0.00345522602936942	0	0.708321336020731	2222.4444985088
TPAC, IN	2021	23	26	1.1304347826087	11	162	274	274	112	-86.59	40.18	2021-06-11	2021-10-01	NA	NA	NA	NA	NA	NA	NA	NA	NA	NA	NA	NA	NA	NA	7.97014999389648	2183.89829947874	21.4265501201153	578.64857051298	0.00921393607831846	0	0.264036855744313	2390.00949137136
Urbana-Champaign I, IL	2021	22	29	1.31818181818182	8	141	141	274	133	-88.23	40.09	2021-05-21	2021-10-01	NA	NA	NA	NA	NA	NA	NA	NA	NA	NA	NA	NA	NA	NA	4.35254979133606	2288.01985391078	22.176699437201	317.029655823088	0.00546762589928058	0	0.0446043165467626	2502.14834509788
Urbana-Champaign II, IL	2018	23	164	7.1304347826087	47	138	152	257	119	-88.23	40.04	2018-05-18	2018-09-14	22.7743665748743	34.9596737551208	45.3213103625986	191.494471345801	307.787947679858	300.527357819629	235.352857927556	354.573435672623	9.63278079262699	352.254965660818	342.487172840559	61.6603133238998	39.7387206183749	34.7680618458203	81.1830015182495	2161.34950069189	3.64650005102158	321.921499669552	0.000288267512251369	0	0.340732199481118	2523.46575068235
Urbana-Champaign II, IL	2019	23	10	0.434782608695652	5	207	242	256	49	-88.23	40.04	2019-07-26	2019-09-13	293.723602146163	21.4817192565403	116.073873001633	80.4401015613033	70.046685159246	215.674317529422	241.190162102252	206.661415576446	239.812660288974	240.674464735856	259.258327940868	330.017677706638	21.5809732837567	78.5418731191257	7.32050001621246	2000.68124675155	1.08399999141693	1296.54024924636	0.000864802536754108	0	0.469876044969732	2363.53074612977
Urbana-Champaign II, IL	2020	23	131	5.69565217391304	36	143	171	297	154	-88.23	40.04	2020-05-22	2020-10-23	321.638457297055	3.06660388921841	21.0537546862506	108.749934549536	202.429694339217	299.128917661556	2.97606899325967	227.326859260151	308.822693543509	330.435535731004	28.3314104640056	57.3293957634437	235.047648178231	249.992179197173	30.3775001121685	2244.02499800883	67.7944996617152	242.529748558998	0	0	0.336119919285097	2244.02499800883
